7873
7058
4741
4564
6064
4901
4136
4212
5941
4160
4927
4724
7214
4029
4295
6942
4294
4803
4140
4107
4696
4028
4470
6300
4019
4485
4066
5557
4305
5077
4344
7254
7619
4428
4552
7392
7748
4374
4385
4543
5860
6912
8503
4026
4096
4360
5273
4075
4802
5101
6075
7255
4872
4896
6806
4264
4363
4505
4685
4898
5177
5211
6108
6243
4095
4101
4220
4559
4700
4753
4800
4861
4886
4961
5091
5162
5181
5227
5311
5499
5607
5904
6524
6690
6991
7050
7646
9074
4105
4580
4729
5185
5199
5697
4144
5145
5193
6901
6919
4011
4033
4037
4880
5039
5071
5401
5572
6607
6649
6773
7851
8801
9054
4008
4025
4043
4516
4563
4583
4614
5040
5132
5287
6151
6156
6236
6566
6682
6778
6783
7387
7509
8806
8817
4000
4070
4081
4087
4132
4189
4244
4538
4588
4597
4623
4722
4781
4798
4893
4947
5033
5102
5247
5251
5261
5276
5277
5279
5305
5473
5477
5498
5541
5783
5787
5803
5807
6111
6144
6197
6198
6203
6204
6311
6330
6334
6338
6344
6350
6351
6354
6362
6365
6370
6374
6378
6382
6386
6391
6417
6423
6431
6440
6499
6500
6676
6756
6770
6865
7047
7225
7263
7274
7286
7488
7539
7541
7545
7548
7549
7556
7558
7559
7606
8837
9050
4005
4016
4030
4047
4057
4079
4104
4143
4150
4191
4229
4245
4274
4313
4318
4327
4338
4355
4362
4398
4403
4419
4539
4542
4596
4627
4761
4860
4914
5093
5130
5187
5188
5243
5248
5255
5258
5283
5289
5302
5317
5320
5377
5391
5455
5465
5539
5546
5611
5815
5818
5832
6068
6146
6171
6200
6230
6397
6414
6515
6672
6813
6862
7291
7502
7566
7642
7798
8044
8467
8769
8985
4007
4015
4031
4041
4069
4089
4146
4153
4156
4157
4162
4175
4179
4187
4203
4218
4231
4270
4283
4312
4341
4406
4409
4418
4422
4482
4537
4575
4581
4621
4637
4641
4661
4662
4665
4703
4738
4750
4763
4764
4776
4796
4852
4869
4888
4895
4918
4921
4955
4995
5011
5014
5028
5079
5154
5184
5194
5205
5242
5274
5368
5389
5404
5405
5418
5444
5462
5469
5483
5487
5518
5544
5545
5549
5582
5586
5605
5670
5696
5765
5778
5782
5792
5795
5821
5834
5848
5850
5853
5891
5905
6019
6070
6089
6117
6134
6161
6162
6172
6177
6211
6221
6228
6231
6241
6276
6312
6315
6343
6349
6396
6411
6416
6455
6465
6492
6501
6507
6508
6511
6518
6526
6527
6571
6586
6592
6615
6631
6637
6643
6646
6648
6674
6680
6715
6717
6718
6724
6769
6824
6825
6859
6860
6888
6908
6918
6972
7096
7227
7279
7331
7357
7361
7412
7503
7504
7513
7519
7565
7602
7616
7700
7720
7768
7779
7834
8474
8480
8692
8695
8703
8906
8976
8987
9008
9044
9089
9111
9123
9125
9127
9129
9142
9144
9153
9189
9448
9449
9450
9451
9452
9453
9474
9477
9479
9505
9509
9515
9608
9913
4004
4006
4009
4010
4012
4013
4014
4017
4018
4020
4021
4024
4027
4032
4034
4035
4038
4045
4046
4063
4064
4067
4071
4072
4073
4074
4077
4078
4080
4082
4083
4084
4090
4093
4097
4098
4099
4100
4102
4103
4106
4118
4120
4121
4122
4125
4126
4127
4128
4129
4131
4133
4135
4138
4139
4141
4145
4152
4154
4155
4158
4159
4161
4164
4166
4168
4172
4173
4174
4180
4188
4190
4194
4195
4197
4202
4204
4206
4207
4208
4209
4214
4216
4227
4228
4230
4233
4263
4271
4273
4275
4276
4277
4282
4293
4296
4297
4298
4299
4300
4301
4302
4303
4304
4306
4307
4308
4309
4310
4311
4314
4315
4316
4320
4321
4323
4324
4329
4333
4339
4340
4343
4373
4407
4408
4410
4411
4412
4413
4414
4415
4416
4417
4423
4424
4425
4426
4427
4431
4432
4433
4434
4436
4437
4438
4439
4440
4448
4449
4458
4459
4460
4461
4465
4466
4467
4468
4469
4472
4473
4474
4477
4478
4484
4486
4487
4488
4489
4490
4491
4493
4498
4514
4523
4541
4550
4551
4573
4574
4576
4577
4578
4582
4591
4598
4605
4606
4607
4613
4615
4619
4620
4622
4624
4625
4626
4630
4633
4634
4635
4636
4639
4643
4644
4645
4647
4649
4650
4651
4652
4653
4654
4656
4663
4664
4666
4674
4675
4681
4682
4684
4694
4704
4707
4708
4713
4714
4717
4723
4725
4726
4727
4728
4733
4739
4749
4752
4754
4755
4756
4757
4758
4759
4760
4762
4770
4771
4772
4773
4779
4780
4783
4784
4785
4786
4787
4788
4789
4790
4791
4792
4793
4794
4795
4797
4799
4801
4826
4827
4851
4853
4855
4856
4857
4858
4859
4865
4866
4867
4871
4879
4887
4891
4892
4894
4899
4906
4928
4930
4932
4933
4934
4935
4940
4941
4942
4943
4944
4945
4946
4948
4950
4951
4953
4954
4956
4957
4958
4959
4960
4965
4967
4968
4969
4971
4972
4982
4983
4984
4985
4986
4987
4989
4990
4992
4993
4994
4996
4997
4998
4999
5002
5003
5004
5005
5006
5007
5008
5009
5012
5013
5015
5016
5017
5018
5019
5020
5021
5022
5023
5024
5025
5026
5027
5030
5031
5032
5041
5042
5043
5044
5051
5067
5068
5069
5070
5076
5078
5080
5081
5083
5084
5085
5089
5090
5092
5095
5097
5098
5099
5100
5104
5105
5109
5111
5112
5113
5114
5115
5116
5117
5118
5119
5120
5121
5129
5137
5138
5139
5140
5142
5143
5146
5148
5152
5156
5158
5160
5165
5167
5176
5178
5179
5186
5189
5190
5191
5192
5195
5206
5209
5210
5220
5226
5231
5240
5241
5244
5266
5268
5269
5270
5272
5275
5278
5280
5281
5282
5285
5288
5290
5299
5300
5301
5304
5307
5308
5309
5310
5314
5315
5316
5321
5324
5363
5367
5374
5390
5392
5393
5394
5395
5396
5397
5398
5399
5400
5414
5420
5421
5422
5423
5424
5425
5426
5427
5428
5429
5430
5431
5432
5433
5436
5437
5438
5439
5440
5441
5442
5445
5447
5448
5449
5450
5451
5452
5453
5454
5457
5458
5460
5461
5463
5466
5468
5471
5472
5481
5482
5484
5485
5486
5488
5489
5490
5491
5492
5493
5497
5508
5513
5514
5515
5516
5519
5520
5521
5522
5523
5524
5529
5530
5534
5536
5540
5543
5547
5548
5553
5556
5564
5570
5580
5581
5583
5602
5603
5608
5609
5610
5614
5615
5616
5618
5669
5671
5672
5682
5683
5744
5766
5767
5775
5777
5780
5791
5793
5796
5797
5799
5800
5802
5817
5819
5820
5823
5826
5827
5828
5829
5835
5845
5846
5849
5851
5859
5874
5886
5887
5888
5889
5892
5897
5900
5903
5909
5911
5916
5917
5922
5923
5924
5926
5927
5928
5929
5930
5931
5932
5933
5934
5937
5938
5940
5961
5962
5964
5965
5967
5969
5970
5971
5987
5988
6024
6025
6027
6028
6029
6030
6036
6037
6067
6069
6072
6073
6087
6088
6102
6115
6116
6118
6121
6123
6124
6125
6126
6130
6131
6132
6133
6135
6142
6143
6145
6149
6150
6163
6176
6181
6183
6184
6185
6186
6189
6196
6199
6213
6214
6215
6216
6217
6218
6229
6232
6233
6234
6242
6246
6248
6249
6251
6252
6253
6264
6269
6278
6280
6281
6294
6295
6296
6307
6308
6309
6310
6313
6314
6316
6317
6318
6342
6388
6393
6398
6402
6403
6404
6407
6412
6413
6415
6421
6422
6427
6428
6429
6430
6433
6435
6436
6437
6439
6441
6442
6443
6444
6445
6446
6447
6448
6449
6450
6451
6452
6453
6454
6456
6457
6458
6459
6460
6461
6462
6463
6464
6466
6467
6468
6469
6470
6471
6472
6473
6477
6484
6493
6494
6495
6496
6497
6498
6502
6503
6505
6509
6510
6512
6513
6514
6519
6520
6521
6522
6523
6528
6533
6534
6536
6540
6551
6552
6553
6554
6557
6558
6559
6560
6572
6579
6580
6581
6582
6587
6591
6593
6596
6598
6601
6602
6606
6629
6630
6632
6639
6647
6669
6671
6675
6679
6681
6687
6688
6713
6714
6725
6734
6751
6752
6757
6758
6759
6763
6764
6768
6772
6789
6790
6791
6792
6793
6794
6795
6812
6819
6822
6823
6826
6827
6843
6852
6853
6855
6856
6857
6858
6866
6867
6868
6869
6870
6872
6879
6880
6881
6882
6883
6884
6889
6890
6891
6895
6896
6897
6898
6910
6913
6915
6940
6941
6973
6988
6989
6990
7035
7036
7037
7038
7040
7042
7043
7057
7092
7093
7094
7097
7098
7099
7100
7101
7102
7211
7212
7213
7231
7241
7261
7262
7269
7278
7281
7283
7290
7313
7321
7322
7323
7324
7325
7326
7327
7329
7330
7343
7345
7347
7352
7355
7356
7362
7373
7377
7378
7379
7380
7381
7382
7383
7386
7388
7389
7391
7393
7394
7395
7396
7398
7399
7403
7407
7408
7410
7413
7419
7420
7422
7423
7424
7431
7436
7438
7439
7440
7441
7443
7444
7445
7446
7484
7485
7486
7487
7491
7492
7493
7498
7501
7505
7506
7507
7508
7511
7512
7520
7521
7522
7523
7524
7525
7526
7527
7528
7529
7530
7531
7532
7533
7534
7535
7538
7550
7563
7564
7567
7568
7569
7586
7587
7589
7590
7591
7592
7594
7595
7596
7597
7598
7599
7600
7601
7604
7605
7607
7608
7609
7611
7612
7613
7614
7615
7620
7621
7622
7623
7624
7625
7627
7631
7632
7633
7634
7635
7636
7637
7638
7639
7640
7641
7645
7656
7657
7658
7663
7664
7665
7666
7667
7673
7674
7675
7677
7679
7683
7684
7685
7686
7687
7688
7695
7696
7697
7698
7699
7707
7708
7713
7714
7715
7716
7721
7722
7723
7724
7725
7726
7727
7728
7729
7730
7731
7732
7733
7734
7735
7736
7737
7738
7739
7740
7741
7742
7773
7782
7783
7784
7785
7786
7787
7788
7789
7790
7791
7793
7794
7795
7796
7799
7803
7804
7805
7806
7807
7808
7809
7810
7811
7812
7813
7814
7815
7816
7817
7818
7819
7820
7821
7822
7825
7826
7827
7828
7829
7830
7831
7832
7833
7839
7842
7848
7855
7856
7857
7858
7861
7863
7865
7867
7869
7870
8033
8035
8036
8037
8038
8041
8042
8043
8048
8049
8051
8071
8083
8084
8085
8197
8282
8283
8284
8285
8286
8287
8288
8289
8290
8291
8292
8293
8294
8296
8303
8313
8314
8315
8316
8317
8318
8319
8320
8321
8322
8326
8329
8330
8331
8332
8334
8338
8340
8341
8344
8345
8346
8347
8348
8357
8367
8386
8389
8390
8391
8392
8393
8394
8395
8396
8397
8398
8400
8402
8403
8405
8406
8407
8408
8409
8410
8411
8412
8413
8414
8415
8417
8418
8419
8420
8429
8430
8431
8432
8451
8452
8453
8457
8468
8469
8472
8473
8482
8483
8486
8487
8488
8489
8491
8492
8498
8499
8500
8501
8502
8504
8505
8506
8507
8508
8509
8510
8514
8536
8537
8538
8539
8540
8541
8542
8543
8544
8551
8558
8559
8571
8576
8577
8578
8579
8580
8581
8582
8583
8584
8590
8596
8603
8604
8605
8606
8607
8608
8624
8625
8626
8628
8629
8630
8631
8637
8638
8639
8652
8653
8654
8655
8657
8674
8675
8676
8677
8678
8683
8685
8686
8688
8694
8698
8700
8701
8702
8705
8706
8713
8716
8718
8719
8720
8721
8722
8723
8731
8738
8740
8741
8743
8744
8746
8747
8751
8753
8774
8776
8800
8823
8824
8825
8826
8827
8828
8829
8841
8857
8858
8859
8860
8861
8862
8863
8864
8865
8866
8867
8869
8870
8872
8873
8874
8875
8876
8877
8878
8879
8880
8881
8891
8902
8903
8905
8916
8918
8919
8921
8922
8923
8924
8925
8926
8927
8928
8929
8953
8954
8955
8956
8957
8958
8959
8960
8961
8962
8963
8964
8965
8966
8967
8968
8969
8970
8971
8972
8973
8974
8975
8977
8978
8979
8980
8981
8982
8983
8984
8986
8988
8989
8991
8992
8993
8994
8995
8996
8997
8998
8999
9000
9006
9011
9012
9013
9014
9015
9016
9017
9018
9019
9020
9026
9030
9031
9032
9033
9035
9036
9041
9042
9043
9046
9047
9055
9057
9058
9066
9067
9068
9069
9070
9071
9073
9084
9107
9110
9121
9122
9124
9126
9128
9130
9131
9132
9133
9134
9135
9136
9137
9138
9139
9140
9141
9143
9145
9146
9147
9148
9149
9150
9151
9152
9154
9155
9156
9157
9158
9159
9160
9161
9162
9163
9164
9165
9166
9167
9168
9169
9170
9171
9172
9173
9174
9175
9176
9177
9178
9179
9180
9181
9182
9183
9184
9185
9186
9187
9188
9190
9191
9192
9193
9194
9195
9196
9197
9198
9199
9200
9201
9202
9203
9205
9206
9207
9208
9209
9210
9211
9212
9213
9214
9215
9216
9217
9218
9219
9220
9221
9222
9223
9224
9225
9226
9227
9228
9229
9230
9231
9232
9233
9234
9235
9236
9237
9238
9239
9240
9241
9242
9243
9244
9245
9246
9247
9248
9249
9250
9252
9317
9374
9376
9377
9378
9379
9380
9381
9390
9391
9392
9393
9394
9395
9396
9397
9398
9399
9400
9401
9402
9403
9404
9405
9406
9407
9408
9409
9410
9411
9412
9413
9414
9415
9416
9417
9418
9419
9420
9421
9422
9423
9424
9425
9426
9427
9428
9429
9430
9431
9432
9433
9434
9435
9436
9437
9438
9439
9440
9441
9442
9443
9444
9445
9446
9447
9454
9455
9456
9457
9458
9459
9460
9461
9462
9469
9470
9471
9472
9473
9475
9476
9478
9480
9481
9482
9483
9484
9485
9486
9487
9488
9489
9490
9491
9492
9493
9494
9495
9496
9497
9503
9504
9506
9507
9508
9510
9511
9512
9513
9514
9516
9517
9518
9520
9521
9522
9523
9526
9527
9528
9531
9534
9535
9536
9537
9538
9539
9540
9541
9542
9543
9544
9545
9546
9547
9548
9549
9550
9551
9552
9553
9555
9556
9557
9558
9560
9561
9563
9564
9565
9566
9567
9568
9569
9570
9571
9572
9573
9574
9575
9576
9577
9578
9579
9580
9581
9582
9583
9584
9585
9586
9587
9588
9589
9590
9591
9592
9593
9594
9595
9596
9597
9598
9606
9607
9610
9611
9612
9613
9615
9616
9617
9618
9619
9620
9621
9622
9623
9624
9626
9629
9631
9632
9633
9634
9635
9636
9637
9638
9639
9640
9641
9642
9643
9644
9645
9646
9647
9648
9649
9650
9651
9652
9653
9654
9655
9656
9657
9658
9659
9660
9661
9662
9663
9664
9665
9666
9667
9668
9669
9670
9671
9672
9673
9674
9675
9676
9677
9678
9679
9680
9681
9682
9683
9684
9685
9686
9687
9688
9689
9690
9691
9692
9693
9694
9695
9696
9697
9698
9699
9700
9701
9702
9703
9704
9705
9706
9707
9709
9710
9711
9712
9713
9714
9715
9716
9717
9718
9719
9720
9721
9722
9723
9724
9725
9726
9727
9728
9729
9730
9731
9732
9733
9734
9735
9736
9737
9738
9739
9740
9741
9742
9743
9744
9745
9746
9747
9748
9749
9750
9751
9752
9753
9754
9755
9756
9757
9758
9759
9760
9761
9762
9763
9764
9765
9766
9767
9768
9769
9770
9771
9772
9773
9774
9775
9776
9777
9778
9779
9780
9781
9782
9783
9784
9785
9786
9787
9788
9790
9791
9792
9793
9794
9795
9796
9797
9798
9799
9800
9802
9803
9804
9805
9807
9808
9809
9810
9811
9812
9813
9815
9816
9818
9819
9820
9821
9822
9823
9824
9825
9826
9827
9828
9829
9830
9831
9832
9833
9834
9835
9836
9837
9838
9839
9840
9841
9842
9843
9844
9845
9846
9847
9848
9849
9850
9851
9852
9853
9854
9855
9856
9857
9858
9859
9860
9861
9862
9863
9864
9865
9866
9867
9868
9869
9870
9871
9872
9873
9874
9875
9876
9877
9878
9879
9880
9881
9882
9883
9884
9886
9887
9888
9889
9890
9891
9892
9893
9894
9895
9896
9897
9898
9899
9900
9901
9902
9903
9904
9905
9906
9907
9908
9909
9911
9912
9914
9915
9916
9917
9918
9919
9920
9921
9923
9924
9925
9927
9928
9929
9930
9931
9932
9933
9934
9935
9936
9937
9938
9939
9940
9941
9942
9943
9944
9945
9946
9947
9948
9952
9953
9954
9955
9956
9957
9958
9959
9960
9961
9962
9963
9965
9966
9967
9968
9969
9970
9971
9972
9973
9974
9975
9976
9977
9978
9979
9980
9981
9982
9983
9984
9985
9986
9987
9988
9989
9990
9991
9992
9993
9994
9995
9996
9997
9998
9999





























































































































































































































































































































































































































































































































































































































































































































































































































































































































































































































































































































































































































































































































































































































































































































































































































































































































































































































































































































































































































































































































































































































































































































































































































































































































































































































































































































































































































































































































































































































































































































































































































































































































































































































































































